year,for_cov_pix,for_cov_area,for_cov_perc,for_cov_roc,urban_pix,urban_area,urban_perc,urban_roc,agric_pix,agric_area,agric_perc,agric_roc,gdp,fdi,ind_gdp,agr_gdp,dev_agri,dev_env,armi,rice_med,rub_med,corn_med,sug_med,prod_rice,prod_rub,prod_cass,prod_corn,prod_sug,for_change,gdp_change,fdi_change,ind_gdp_change,agr_gdp_change,dev_agri_change,dev_env_change,armi_change,rice_med_change,rub_med_change,corn_med_change,sug_med_change
1993,1155238,103971.42,100,NA,760,68.4,100,NA,768655,69178.95,100,NA,462,54.1,8,66.4,26.32,0.2,72.7,219.6,820,101,220.83,130.2,346.3,193.9,159.9,1965.8,0,0,0,0,0,0,0,0,0,0,0,0
1994,1155237,103971.33,99.99991344,8.70E-05,787,70.83,103.55,3.55,768631,69176.79,99.99687766,-0.003122337,313,68.9,14,44,16.5,1.4,76.5,261.3,1150,106,268.33,149.3,371.1,211.5,153.2,2097.4,-0.09,-149,14.8,6,-22.4,-9.82,1.2,3.8,41.7,330,5,47.5
1995,1134947,102145.23,98.2435654,1.756348,808,72.72,106.32,2.76,785541,70698.69,102.1968243,2.19994666,347,150.7,15.2,44.4,24.21,0.1,75.1,332.8,1625,123,293.33,212.2,477.4,208.1,191.8,2722.3,-1826.1,34,81.8,1.2,0.4,7.71,-1.3,-1.4,71.5,475,17,25
1996,1128613,101575.17,97.69528011,0.548285,823,74.07,108.29,1.97,791312,71218.08,102.9476163,0.750791968,334,293.7,15,43,60.23,1.47,73.3,333.9,1405,175,263.33,179.1,415.7,171.5,152.4,2382.7,-570.06,-13,143,-0.2,-1.4,36.02,1.37,-1.8,1.1,-220,52,-30
1997,1117332,100559.88,96.71877137,0.976509,857,77.13,112.76,4.47,800027,72002.43,104.0814149,1.133798648,301,168.1,16.8,42,38.04,0.43,68.1,312.3,1025,118,250,173.1,344.8,132.4,135.8,1976,-1015.29,-33,-125.6,1.8,-1,-22.19,-1.04,-5.2,-21.6,-380,-57,-13.33
1998,1104671,99420.39,95.62280673,1.095965,879,79.11,115.66,2.89,808393,72755.37,105.1698096,1.088394663,247,242.8,17,41.9,3.6,0.86,52.4,305.1,710,102,196.67,157.6,234.6,186.9,157.6,1340.6,-1139.49,-54,74.7,0.2,-0.1,-34.44,0.43,-15.7,-7.2,-315,-16,-53.33
1999,1083591,97523.19,93.79807451,1.824732,903,81.27,118.82,3.16,824370,74193.3,107.2483754,2.078565807,273,232.2,18.3,38.5,50.51,5.01,56.1,244.4,620,90,138.33,110.3,232.9,174.5,186.3,1336.6,-1897.2,26,-10.6,1.3,-3.4,46.91,4.15,3.7,-60.7,-90,-12,-58.34
2000,1066599,95993.91,92.32720877,1.470866,934,84.06,122.89,4.08,835713,75214.17,108.72407,1.475694557,297,148.5,21.7,36.3,46.12,2.46,56.6,192.5,660,91,179.17,96.3,212.5,163.8,162.7,1213.5,-1529.28,24,-83.7,3.4,-2.2,-4.39,-2.55,0.5,-51.9,40,1,40.84
2001,1052807,94752.63,91.13334222,1.193867,961,86.49,126.45,3.55,849368,76443.12,110.5005497,1.776479695,311,149.4,22.5,34.4,13.56,19.52,48.2,171.8,585,90,190,105.2,209.3,180.8,122.6,1197.2,-1241.28,14,0.9,0.8,-1.9,-32.56,17.06,-8.4,-20.7,-75,-1,10.83
2002,1038048,93424.32,89.85576998,1.277572,996,89.64,131.05,4.61,864852,77836.68,112.5149775,2.014427799,329,145.1,24.7,31.5,1.98,7.32,50.6,190.3,830,96,151.67,120.1,209.4,196.3,74.1,1198.7,-1328.31,18,-4.3,2.2,-2.9,-11.58,-12.2,2.4,18.5,245,6,-38.33
2003,1032363,92912.67,89.36366359,0.492106,1031,92.79,135.66,4.61,875883,78829.47,113.9500816,1.435104175,349,84,25.5,32,37.59,11.86,56.4,197.8,1040,106,155.83,105.2,208.4,163.6,96.6,1192.7,-511.65,20,-61.1,0.8,0.5,35.61,4.54,5.8,7.5,210,10,4.16
2004,1019502,91755.18,88.2503865,1.113277,1070,96.3,140.79,5.13,891053,80194.77,115.9236589,1.973577223,378,131.4,26.9,28.8,66.03,4.23,59.6,236.5,1275,110,158.33,133.5,218.8,249.2,124.5,1253.8,-1157.49,29,47.4,1.4,-3.2,28.44,-7.63,3.2,38.7,235,4,2.5
2005,1011085,90997.65,87.52179205,0.728594,1131,101.79,148.82,8.03,901883,81169.47,117.3326135,1.408954603,416,381.2,26.8,29.4,90.45,9.8,64.2,285.8,1530,97,218.33,146.9,228.5,263.4,135.4,1309.9,-757.53,38,249.8,-0.1,0.6,24.42,5.57,4.6,49.3,255,-13,60
2006,1006630,90596.7,87.13615722,0.385635,1218,109.62,160.26,11.45,907134,81642.06,118.0157548,0.683141331,456,483.2,28.6,28,38.2,38.86,74.5,304.3,2065,112,327.5,136.5,244.5,233.9,148.7,1401.4,-400.95,40,102,1.8,-1.4,-52.25,29.06,10.3,18.5,535,15,109.17
2007,1003802,90342.18,86.89135918,0.244798,1307,117.63,171.97,11.71,909170,81825.3,118.2806331,0.264878261,503,867.3,28.2,26.7,28.85,35.23,81.3,324.1,2255,164,221.67,177.5,276.3,207.4,239.1,1583.7,-254.52,47,384.1,-0.4,-1.3,-9.35,-3.63,6.8,19.8,190,52,-105.83
2008,998011,89820.99,86.3900772,0.501282,1398,125.82,183.95,11.97,916589,82493.01,119.2458255,0.965192447,519,845.3,27.5,26.5,24.28,3.1,90,646.5,2810,234,282.5,247.9,345.6,178.3,260,1980.7,-521.19,16,-22,-0.7,-0.2,-4.57,-32.13,8.7,322.4,555,70,60.83
2009,994076,89466.84,86.04945474,0.340622,1487,133.83,195.66,11.71,920451,82840.59,119.7482616,0.502436073,502,928.4,26.7,28,54.64,11.88,82.8,560.8,1720,166,400,214.8,329.9,95.7,201,2597.8,-354.15,-17,83.1,-0.8,1.5,30.36,8.78,-7.2,-85.7,-1090,-68,117.5
2010,988969,89007.21,85.60738134,0.442073,1595,143.55,209.87,14.21,924336,83190.24,120.2536899,0.505428313,536,1342.5,26.6,27.3,56.05,40.23,100,481.3,3550,166,469.17,244.2,343.2,142.7,263.3,2864.1,-459.63,34,414.1,-0.1,-0.7,1.41,28.35,17.2,-79.5,1830,0,69.17
2011,981989,88379.01,85.00317683,0.604205,1727,155.43,227.24,17.37,929783,83680.47,120.9623303,0.708640417,570,1373.5,28.4,26.3,120.18,66.03,122,531.1,4830,294,573.33,268.3,399.6,198.3,304.1,2282.4,-628.2,34,31,1.8,-1,64.13,25.8,22,49.8,1280,128,104.16
2012,978439,88059.51,84.69588085,0.307296,2001,180.09,263.29,36.05,932692,83942.28,121.3407836,0.378453272,599,1835,29,25.6,117.05,88.17,101.3,558.8,3200,295,475,268.3,409.7,173.3,313.9,3688.6,-319.5,29,461.5,0.6,-0.7,-3.13,22.14,-20.7,27.7,-1630,1,-98.33
2013,973355,87601.95,84.25579837,0.440082,2922,262.98,384.47,121.18,935152,84163.68,121.6608231,0.32003955,637,1872.4,29.9,24.2,153.24,49.22,95.4,516.6,2725,280,390,270.2,412.5,174.5,316.1,3714.3,-457.56,38,37.4,0.9,-1.4,36.19,-38.95,-5.9,-42.2,-475,-15,-85
2014,972156,87494.04,84.15201024,0.103788,3437,309.33,452.24,67.76,934944,84144.96,121.6337629,-0.027060255,674,1720.1,30.7,22.7,242.22,40.92,91.9,422,2010,190,374.17,269.3,411.3,174,315.1,3702.9,-107.91,37,-152.3,0.8,-1.5,88.98,-8.3,-3.5,-94.6,-715,-90,-15.83
2015,972155,87493.95,84.15192367,8.70E-05,3639,327.51,478.82,26.58,934743,84126.87,121.6076133,-0.026149573,714,1701,32.1,21.2,62.03,37.05,83.3,378.5,1650,169,295,265.4,405.3,171.5,310.6,3649.3,-0.09,40,-19.1,1.4,-1.5,-180.19,-3.87,-8.6,-43.5,-360,-21,-79.17
